绿色史莱姆 35 18 1 1 105   
红色史莱姆 45 20 2 2 106   
小蝙蝠 35 38 3 3 107   
初级法师 60 32 8 5 108   
骷髅士兵 55 52 12 8 109  
骷髅人 50 42 6 6 110  
中级卫兵 100 180 110 50 111 
初级卫兵 50 48 22 12 112  
骷髅队长 100 65 15 30 113  
魔法警卫 230 450 100 100 114  
假魔王 5000 1580 190 0 115 
大史莱姆 130 60 3 8 116
兽人 260 85 5 18 117  
大蝙蝠 60 100 8 12 118  
高级法师 100 95 30 22 119 
兽人武士 320 120 15 30 120 
史莱姆人 320 140 20 30 121 
石头人 20 100 68 28 122 
金骑士 120 150 50 100 123 
大乌贼 1200 180 20 100 124 
鬼战士 220 180 30 35 125 
战士 210 200 65 45 126 
吸血鬼 444 199 66 144 127 
史莱姆王 360 310 20 40 128 
骑士 160 230 105 65 129 
吸血蝙蝠 200 390 90 50 130 
初级巫师 220 370 110 80 131 
高级巫师 200 380 130 90 132 
魔法警卫 230 450 100 100 133 
魔王齐诺 800 500 100 500 134 
黑暗骑士 180 430 210 120 135 
双手剑士 100 680 50 55 136 
高级卫兵 180 460 360 200 137 
魔龙 1500 600 250 800 138 
大法师 4500 560 310 1000 139 