1   1   1   1   1   1   1   1   1   1   1   1   1
1   10  0   0   0   0   0   0   0   0   0   0   1
1   0   20   0   0   0   0   0   0   0   0   0   1
1   0   21   0   0   0   0   0   0   0   0   0   1
1   0   22  0   0   0   0   0   0   0   0   0   1
1   0   20   0   0   0   0   0   0   0   0   0   1
1   0   22   0   0   0   63  0   0   0   0   0   1
1   0   20   0   0   0   0   0   0   0   0   0   1
1   0   20   0   0   0   0   0   0   0   0   0   1
1   0   20   0   0   0   0   0   0   0   0   0   1
1   0   0   0   0   0   0   0   0   0   0   0   1
1   0   0   0   0   0   0   0   0   0   0   0   1
1   1   1   1   1   1   1   1   1   1   1   1   1

1   1   1   1   1   1   1   1   1   1   1   1   1
1   10  0   105 106 105 0   0   0   0   0   0   1
1   1   1   1   1   1   1   1   1   1   1   0  1
1   28  0   0   7   0   1   24  20  0   1   0  1
1   0   110 0   1   0   1   25  28  0   1   0  1
1   1   7   1   1   0   1   1   1   7   1   0   1
1   20  0   0   1   0   7   107 108 107 1   0   1
1   0   109 0   1   0   1   1   1   1   1   0   1
1   1   7   1   1   0   0   0   0   0   0   0   1
1   0   0   0   1   1   7   1   1   1   7   1   1
1   28  0   20  1   20  0   0   1   0   107  0   1
1   28  52  20  1   0   0   0   1   105 29  105  1
1   1   1   1   1   1   1   1   1   1   1   1   1
 
 
1   1   1   1   1   1   1   1   1   1   1   1   1
1   11  0   8   0   0   0   0   0   0   0   0   1
1   0   0   1   1   0   111 0   111 0   1   1   1
1   0   1   1   1   1   1   0   1   1   1   1   1
1   0   1   20  20  1   0   0   0   1   0   150 1
1   0   1   20  0   12  0   0   0   12  0   0   1
1   0   1   1   1   1   0   0   0   1   1   1   1
1   0   1   152 0   1   0   0   0   1   0   151 1
1   0   1   0   0   12  0   0   0   12  0   0   1 
1   0   1   1   1   1   0   0   0   1   1   1   1
1   0   1   29  29  1   0   0   0   1   0   0   1
1   10  1   29  0   12  0   0   0   12  0   0   1
1   1   1   1   1   1   1   1   1   1   1   1   1


1   1   1   1   1   1   1   1   1   1   1   1   1
1   20  25  1   20  29  20  1   0   1   0   28  1
1   0   28  1   29  20  29  1   0   7   107 0   1
1   108 0   1   20  21  20  1   0   1   1   1   1
1   7   1   1   1   0   1   1   0   1   0   153 1
1   0   0   107 0   0   0   105 0   0   0   0   1
1   7   1   1   0   0   0   1   0   1   1   1   1
1   110 0   1   1   0   1   1   0   1   0   28  1
1   0   20  1   0   0   0   1   0   7   108 20  1 
1   28  24  1   0   201 0   1   0   1   1   1   1
1   1   1   1   1   0   1   1   106 1   0   0   1
1   11  0   0   0   0   0   1   0   7   0   10  1
1   1   1   1   1   1   1   1   1   1   1   1   1


1   1   1   1   1   1   1   1   1   1   1   1   1
1   0   21  0   1   95  97  96  1   0   154 0   1
1   28  0  20   1   0   0   0   1   20  0   29  1
1   0   0   0   1   0   0   0   1   0   109 0   1
1   1   7   1   1   1   8   1   1   1   7   1   1
1   0   108 0   7   0   106 0   0   110 0   0   1
1   0   0   0   1   1   1   1   1   1   1   1   1
1   106 0   105 0   0   0   0   0   0   0   0   1
1   7   1   1   7   1   1   1   7   1   1   7   1 
1   0   1   0   107 0   1   0   108 0   1   0   1
1   0   1   105 0   20  1   24  0   28  1   0   1
1   10  1   20  105 20  1   0   105 0   1   11  1
1   1   1   1   1   1   1   1   1   1   1   1   1
 
 
1   1   1   1   1   1   1   1   1   1   1   1   1
1   10  1   0   106 7   0   1   0   0   7   0   1
1   0   1   0   0   1   20  1   105 105 1   106 1
1   0   7   107 0   1   0   1   20  20  1   0   1
1   1   1   1   7   1   107 1   20  20  7   0   1
1   20  0   108 0   1   0   1   1   1   1   0   1
1   20  0   0   107 1   0   105 0   0   0   0   1
1   1   109 1   1   1   0   1   1   1   1   106 1
1   0   0   0   0   1   105 1   0   0   0   0   1 
1   25  20  28  51  1   0   1   7   1   1   1   1
1   1   1   1   1   1   0   1   0   1   0   0   1
1   11  0   0   0   0   0   1   0   14  0   40  1
1   1   1   1   1   1   1   1   1   1   1   1   1 


1   1   1   1   1   1   1   1   1   1   1   1   1
1   11  1   20  20  1   0   108 0   20  105 0   1
1   0   1   20  20  1   0   1   1   1   1   7   1
1   0   1   1   106 1   0   1   28  0   110 0   1
1   0   7   7   0   7   0   1   155 0   0   107 1
1   0   1   1   1   1   0   1   1   1   1   1   1
1   0   0   106 108 0   20  0   110 109 0   0   1
1   1   1   1   1   1   0   1   1   1   1   0   1
1   108 0   0   156 1   0   7   7   0   7   0   1 
1   0   107 0   25  1   0   1   1   106 1   106 1
1   7   1   1   1   1   0   1   0   0   1   0   1
1   0   105 0   0   110 0   1   28  28  1   10  1
1   1   1   1   1   1   1   1   1   1   1   1   1 


1   1   1   1   1   1   1   1   1   1   1   1   1
1   10   1  24  1   0   157 0   1   20   1   105 1
1   0   1   28  1   0   1   0   1   20   1   106 1
1   0   1   107 1   106 1   109 1   28   1   105 1
1   0   1   0   1   0   1   0   1   0   1   0   1
1   7   1   7   1   8   1   7   1   109   1   7   1
1   0   109 0   108 0   0   0   0   0   0   0   1
1   7   1   7   1   7   1   7   1   110   1   7   1
1   0   1   0   1   0   1   0   1   0   1   0   1
1   0   1   0   1   107 1   106   1   29   1   0   1
1   105 1   105 1   20  1   108   1   20   1   0   1
1   0   106 0   1   20  1   29   1   20   1   11  1
1   1   1   1   1   1   1   1   1   1   1   1   1


1   1   1   1   1   1   1   1   1   1   1   1   1
1   11  0   7   7   0   10  0   1   20  0   20  1
1   0   0   1   1   0   0   105 1   0   22  0   1
1   7   1   1   1   1   7   1   1   29  0   28  1
1   0   1   20   20  20   0   0   1   1   13  1  1
1   28  1   1   1   1   1   108 1   112 0   112 1
1   0   106 105 106 0   1   0   1   0   0   0   1
1   1   1   1   1   7   1   107 1   1   20  1   1
1   0   0   0   107   0   110   0   108   0   0   0   1
1   7   1   1   1   1   1   1   1   1   1   20   1
1   105 0   1   24  20  1   21  28  1   0   110   1
1   0   107 8   20  25  1   20  0   7   109 0   1
1   1   1   1   1   1   1   1   1   1   1   1   1


1   1   1   1   1   1   1   1   1   1   1   1   1
1   0   0   110 7   0   11  0   7   105 0   28  1
1   0   20  0   1   0   0   0   1   0   105 0   1
1   109 1   1   1   1   8   1   1   1   1   0   1
1   0   20  0   1   20  0   20  7   7   0   0   1
1   25  0   107 7   0   24  0   1   1   14  1   1
1   1   1   1   1   1   1   106 1   0   0   109 1
1   20  0   7   109 20   1   0  1   45  1   0   1
1   109 0   1   0   0   1   0   1   1   1   7   1
1   1   1   1   1   7   1   0   1   20  0   108 1
1   0   28  1   0   110 1   107 1   0   110 0   1
1   10  0   8   0   0   7   0   7   108 0   28  1
1   1   1   1   1   1   1   1   1   1   1   1   1


1   1   1   1   1   1   1   1   1   1   1   1   1
1   0   0   0   0   0   0   0   0   0   0   0   1
1   1   1   1   1   0   0   0   1   1   1   1   1
1   110 110 110 1   1   0   1   1   110 110 110 1
1   0   109 0   13  0   113 0   13  0   109 1   1
1   1   1   1   1   0   0   0   1   1   1   1   1
1   110 25  110 1   1   0   1   1   110 24  110 1
1   0   109 0   1   1   0   1   1   0   109 0   1
1   0   0   0   1   1   0   1   1   0   0   0   1
1   7   1   7   1   1   9   1   1   7   1   7   1
1   0   1   0   1   0   0   0   1   0   1   0   1
1   11  1   0   108 0   0   0   108 0   1   29   1
1   1   1   1   1   1   1   1   1   1   1   1   1


1   1   1   1   1   1   1   1   1   1   1   1   1
1   0   0   0   1   24  0   7   0   1   28  20  1
1   0   46  0   1   0   107 1   117 1   0   0   1
1   0   0   0   1   7   1   1   0   7   0   0   1
1   1   13  1   1   0   118 1   1   1   1   116 1
1   119 0   119 1   117 0   7   119 0   1   0   1
1   0   0   0   1   1   1   1   1   28  1   0   1
1   29  0   0   118 0   0   7   116 0   1   0   1
1   1   8   1   1   1   1   1   1   1   1   118 1
1   0   118 0   116 7   0   0   0   0   107 0   1
1   20  0   0   0   1   0   1   1   7   1   0   1
1   20  20  20  20  1   11  1   29  118 1   10  1
1   1   1   1   1   1   1   1   1   1   1   1   1


1   1   1   1   1   1   1   1   1   1   1   1   1
1   147 14  0   1   20  24  20  1   0   14  14  1
1   1   1   118 1   0   1   0   1   0   1   1   1
1   0   0   0   1   119 0   119 1   0   117 0   1
1   7   1   1   1   1   7   1   1   1   1   0   1
1   0   119 0   7   0   117 0   1   28  0   118 1
1   1   1   1   1   0   0   119 7   0   25  0   1
1   20  20  0   1   0   29  0   1   20  0   116 1
1   20  21  0   1   1   1   1   1   8   1   7   1
1   0   0   117 1   95  97  96  1   116 0   117 1
1   1   1   7   1   28  0   28  1   1   0   1   1
1   10  0   0   107 0   0   0   107 0   0   11  1
1   1   1   1   1   1   1   1   1   1   1   1   1


1   1   1   1   1   1   1   1   1   1   1   1   1
1   4   4   4   4   4   4   4   4   4   4   4   1 
1   4   4   4   4   4   4   4   4   4   4   4   1 
1   4   4   4   4   1   1   1   4   4   4   4   1 
1   4   4   4   1   1   1   1   1   4   4   4   1 
1   4   4   4   1   1   44  1   1   4   4   4   1 
1   4   4   4   1   1   4   1   1   4   4   4   1 
1   4   4   4   1   1   4   1   1   4   4   4   1 
1   4   4   4   4   4   4   4   4   4   4   4   1 
1   4   4   4   4   4   4   4   4   4   4   4   1 
1   1   1   1   1   1   7   1   1   1   1   1   1
1   11   0   0   0   0   0   0   0   0   0   10   1
1   1   1   1   1   1   1   1   1   1   1   1   1


1   1   1   1   1   1   1   1   1   1   1   1   1
1   120 0   120 1   25  20  28  1   20  20  20  1
1   0   120 0   1   116 1   120 1   0   0   20  1
1   1   0   0   1   0   1   0   1   1   7   1   1
1   1   8   1   1   8   1   7   1   0   120 0   1
1   28  0   0   118 0   122 0   118 0   0   0   1
1   0   116 0   1   1   7   1   1   28  0   117 1
1   7   1   7   1   0   0   0   1   1   1   1   1
1   0   1   0   117 0   7   0   116 0   116 0   1
1   119 1   119 1   1   14  1   1   7   1   1   1
1   0   1   0   1   28  0   0   1   0   0   0   1
1   21  1   0   7   0   10  0   1   0   0   11  1
1   1   1   1   1   1   1   1   1   1   1   1   1


1   1   1   1   1   1   1   1   1   1   1   1   1
1   29  120 0   7  0   10  0   1   145 0   0   1
1   117 0   0   1   0   0   0   1   0   0   116 1
1   0   0   116 1   1   13  1   1   1   1   7   1
1   7   1   1   1   124 140 140 1   118 0   0   1
1   0   1   20  1   140 140 140 1   0   118 0   1
1   0   1   21  1   140 140 140 1   7   1   119 1
1   116 1   20  1   0   0   0   1   0   1   0   1
1   0   1   0   1   0   0   0   1   0   1   29  1
1   0   7   0   1   1   0   1   1   7   1   1   1
1   118 1   118 1   0   0   0   1   0   107 0   1
1   0   119 0   1   0   11  0   1   107 0   147 1
1   1   1   1   1   1   1   1   1   1   1   1   1


1   1   1   1   1   1   1   1   1   1   1   1   1
1   20  118 0   1   0   11  0   1   0   0   118 1
1   20  119 0   7   0   0   0   7   116 0   0   1
1   20  118 0   1   117  0   0   1   0   0   28  1
1   1   1   1   1   1   8   1   1   1   7   1   1
1   24  20  0   1   28  0   0   1   0   0   0   1
1   28  0   122 7   0   120 0   1   0   0   0   1
1   25  20  0   1   0   0   20  1   118 0   21  1
1   1   14  1   1   1   7   1   1   1   7   1   1
1   0   116 0   1   118 0   118 1   0   119 0   1
1   0   0   0   7   0   0   0   7   0   1   1   1
1   146 0   0   1   0   10  0   1   121 14  14  1
1   1   1   1   1   1   1   1   1   1   1   1   1


1   1   1   1   1   1   1   1   1   1   1   1   1
1   0   0   0   1   0   10  0   1   24  0   25  1
1   0   41  0   1   0   0   0   1   0   29  0   1
1   0   0   0   1   120 1   118 1   20  0   20  1
1   1   13  1   1   0   1   0   1   1   13  1   1
1   112 0   112 1   7   1   8   1   120 0   120 1
1   0   0   0   1   0   1   0   1   0   0   0   1
1   1   13  1   1   117 1   116 1   1   13  1   1
1   112 0   112 1   0   0   0   1   117 0   117 1
1   0   0   0   1   1   119 1   1   0   0   0   1
1   1   7   1   1   0   0   0   1   1   7   1   1
1   28  0   0   118 0   11  0   118 0   0   28  1
1   1   1   1   1   1   1   1   1   1   1   1   1


1   1   1   1   1   1   1   1   1   1   1   1   1
1   10  0   0   8   0   11  0   7   119 0   20  1
1   0   0   146 1   0   0   0   1   0   116 20  1
1   7  1   1   1   1   14   1   1   0   0   21  1
1   0   28  0   7   120 0   120 7   117 0   20  1
1   122 0   122 1   0   0   0   1   0   118 20  1
1   1   1   1   1   1   8   1   1   1   1   1   1
1   0   117 0   0   0   0   0   0   0   122  0   1
1   7   1   1   7   1   1   1   7   1   1   7   1
1   119 0   1   118 118 1   116 116 1   0   119 1
1   0   20  1   118 118 1   116 116 1   20  0   1
1   28  24  1   0   20  1   20  0   1   25  28  1
1   1   1   1   1   1   1   1   1   1   1   1   1


1   1   1   1   1   1   1   1   1   1   1   1   1
1   11  0   1   28  0   119 0   21  1   20  24  1
1   0   0   1   0   0   1   0   0   1   118 0   1
1   7   1   1   120 1   14  1   120 1   7   1   1
1   107 0   1   0   0   14  0   0   1   0   0   1
1   0   0   1   20  0   1   0   20  1   116 116 1
1   7   1   1   0   122 0   122 0   1   0   0   1
1   118 0   1   1   1   8   1   1   1   1   7   1
1   0   0   116 0   0   0   0   120 0   0   117 1
1   7   1   1   1   1   120 1   1   28  20  0   1
1   0   1   0   7   20   0   20  1   1   1   118 1
1   116 0   118 1   0   10   0   7   0   107 0   1
1   1   1   1   1   1   1   1   1   1   1   1   1


1   1   1   1   1   1   1   1   1   1   1   1   1 
1   0   0   0   0   0   10  0   0   0   0   0   1
1   1   1   1   1   0   0   0   1   1   1   1   1
1   1   1   1   1   1   13  1   1   1   1   1   1
1   25  24  1   0   0   0   0   0   1   28  29  1
1   20  0   1   0   118 118 118 0   1   0   20  1
1   1   8   1   0   118 0   118 0   1   8   1   1
1   107 0   1   0   118 118 118 0   1   0   107 1
1   0   107 1   0   0   0   0   0   1   107 0   1
1   7   1   1   1   1   9   1   1   1   1   7   1
1   0   122 0   1   0   0   0   1   0   122 0   1
1   28  0   0   119 0   11  0   119 0   0  28  1
1   1   1   1   1   1   1   1   1   1   1   1   1


1   1   1   1   1   1   1   1   1   1   1   1   1
1   0   0   0   0   0   11  0   0   0   0   0   1
1   0   0   0   0   0   0   0   0   0   0   0   1
1   0   0   1   1   0   0   0   1   1   0   0   1
1   0   0   1   1   0   0   0   1   1   0   0   1
1   0   0   0   0   0   0   0   0   0   0   0   1
1   0   0   0   0   0   146 0   0   0   0   0   1
1   0   0   0   0   0   0   0   0   0   0   0   1
1   0   0   1   1   0   0   0   1   1   0   0   1
1   0   0   1   1   0   0   0   1   1   0   0   1
1   0   0   0   0   0   0   0   0   0   0   0   1
1   0   0   0   0   0   10  0   0   0   0   0   1
1   1   1   1   1   1   1   1   1   1   1   1   1


1   1   1   1   1   1   1   1   1   1   1   1   1
1   1   1   1   1   1   1   1   1   1   1   1   1
1   1   1   1   1   1   1   1   1   1   1   1   1
1   1   1   1   1   1   1   1   1   1   1   1   1
1   1   1   1   1   1   1   1   1   1   1   1   1
1   1   1   1   1   0   0   0   1   1   1   1   1
1   1   1   1   1   0   10   0   1   1   1   1   1
1   1   1   1   1   0   0   0   1   1   1   1   1
1   1   1   1   1   1   0   1   1   1   1   1   1
1   1   1   1   1   1   0   1   1   1   1   1   1
1   1   1   1   1   0   0   0   1   1   1   1   1
1   1   1   1   1   0   11  0   1   1   1   1   1
1   1   1   1   1   1   1   1   1   1   1   1   1


1   1   1   1   1   1   1   1   1   1   1   1   1
1   11  0   17  17  17  0   0   0   0   0   10  1
1   0   17  0   0   0   0   0   0   0   0   0   1
1   0   17  0   17  17  0   0   17  17  17  0   1
1   0   17  0   0   17  0   0   17  0   17  0   1
1   0   17  17  17  17  0   0   17  17  17  0   1
1   0   0   0   0   0   0   0   0   0   0   0   1
1   0   17  17  17  17  0   17  17  17  17  0   1
1   0   17  0   0   17  0   17  0   0   0   0   1
1   0   17  0   0   17  0   17  17  17  0   0   1
1   0   17  17  17  17  0   17  0   0   0   0   1
1   0   0   0   0   0   0   17  0   0   0   146 1
1   1   1   1   1   1   1   1   1   1   1   1   1


1   1   1   1   1   1   1   1   1   1   1   1   1
1   0   0   0   0   0   0   0   0   0   0   0   1
1   0   0   0   1   1   1   1   1   0   0   0   1
1   0   0   1   1   1   1   1   1   1   0   0   1
1   0   1   1   1   1   1   1   1   1   1   0   1
1   0   1   1   1   0   0   0   1   1   1   0   1
1   0   1   1   1   0   0   0   1   1   1   0   1
1   0   1   1   1   0   0   0   1   1   1   0   1
1   0   1   1   1   1   9   1   1   1   1   0   1
1   0   0   1   1   1   0   1   1   1   0   0   1
1   0   10  0   1   1   0   1   1   0   0   0   1
1   11  0   0   0   0   0   0   0   0   0   0   1
1   1   1   1   1   1   1   1   1   1   1   1   1


1   1   1   1   1   1   1   1   1   1   1   1   1
1   0   0   0   0   0   0   0   0   0   0   0   1
1   0   0   0   1   1   1   1   1   0   0   0   1
1   0   0   1   1   0   0   0   1   1   0   0   1
1   0   1   1   0   0   0   0   0   1   1   0   1
1   0   1   0   0   1   0   1   0   0   1   0   1
1   0   1   0   0   0   139 0   0   0   1   0   1
1   0   1   0   0   1   0   1   0   0   1   0   1
1   0   1   1   0   0   0   0   0   1   1   0   1
1   0   0   1   1   0   0   0   1   1   0   0   1
1   0   11  0   1   1   9   1   1   0   0   0   1
1   10  0   0   0   0   0   0   0   0   0   0   1
1   1   1   1   1   1   1   1   1   1   1   1   1


1   1   1   1   1   1   1   1   1   1   1   1   1
1   0   0   0   0   0   0   0   0   0   0   0   1
1   0   0   0   1   1   1   1   1   0   0   0   1
1   0   0   1   1   1   1   1   1   1   0   0   1
1   0   1   1   1   4   4   4   1   1   1   0   1
1   0   1   1   4   4   4   4   4   1   1   0   1
1   0   1   1   4   4   144 4   4   1   1   0   1
1   0   1   1   4   4   4   4   4   1   1   0   1
1   0   1   1   1   4   9   4   1   1   1   0   1
1   0   0   1   1   1   9   1   1   1   0   0   1
1   0   10  0   1   1   9   1   1   0   0   0   1
1   11  0   0   0   0   0   0   0   0   0   0   1
1   1   1   1   1   1   1   1   1   1   1   1   1


1   1   1   1   1   1   1   1   1   1   1   1   1
1   1   1   1   1   0   146 0   1   1   1   1   1
1   1   1   1   1   0   0   0   1   1   1   1   1
1   1   1   1   1   1   0   1   1   1   1   1   1
1   1   1   1   1   1   0   1   1   1   1   1   1
1   1   1   1   1   1   0   1   1   1   1   1   1
1   1   1   1   1   1   0   1   1   1   1   1   1
1   1   1   1   1   1   0   1   1   1   1   1   1
1   1   1   1   1   1   0   1   1   1   1   1   1
1   1   1   1   1   1   0   1   1   1   1   1   1
1   0   11  1   1   1   0   1   1   1   0   0   1
1   0   0   0   0   0   0   0   0   0   0   10  1
1   1   1   1   1   1   1   1   1   1   1   1   1


1   1   1   1   1   1   1   1   1   1   1   1   1
1   0   0   0   0   0   0   0   0   0   0   0   1
1   0   0   0   0   0   1   1   1   1   1   0   1
1   0   0   0   0   0   1   0   0   0   1   0   1
1   0   0   0   0   0   1   0   147 0   1   0   1
1   0   0   0   0   0   1   0   0   0   1   0   1
1   0   0   0   0   0   1   1   0   1   1   0   1
1   0   0   0   0   0   0   0   0   0   0   0   1
1   0   0   0   0   0   0   0   0   0   0   0   1
1   0   0   0   0   0   0   0   0   0   0   0   1
1   0   0   0   0   0   0   0   0   0   0   0   1
1   10  0   0   0   0   0   0   0   0   0   11  1
1   1   1   1   1   1   1   1   1   1   1   1   1


1   1   1   1   1   1   1   1   1   1   1   1   1
1   0   0   0   0   0   0   0   1   1   1   1   1
1   0   0   1   1   0   145 0   1   1   1   1   1
1   0   1   1   1   1   14  1   1   1   1   1   1
1   0   1   1   1   1   0   1   1   1   1   1   1
1   0   1   1   1   1   0   1   1   1   1   1   1
1   0   1   1   1   1   0   1   1   1   1   1   1
1   0   1   1   1   1   0   1   1   1   1   1   1
1   0   1   1   1   1   0   1   1   1   1   1   1
1   0   1   1   1   1   0   1   1   1   1   1   1
1   0   0   1   1   0   0   0   1   1   1   1   1
1   11  0   1   1   0   10  0   1   1   1   1   1
1   1   1   1   1   1   1   1   1   1   1   1   1


1   1   1   1   1   1   1   1   1   1   1   1   1
1   1   1   1   1   0   10  0   1   1   1   1   1
1   1   1   1   1   0   0   0   1   1   1   1   1
1   1   1   1   1   1   0   1   1   1   1   1   1
1   1   1   1   1   1   13  1   1   1   1   1   1
1   0   0   116 106 105 0   105 106 116 0   0   1
1   0   0   0   0   0   0   0   0   0   0   0   1
1   1   1   1   1   1   0   1   1   1   1   1   1
1   1   1   1   1   1   0   1   1   1   1   1   1
1   1   1   1   1   0   0   0   1   1   1   1   1
1   1   1   1   1   0   0   0   1   1   1   1   1
1   1   1   1   1   0   11  0   1   1   1   1   1
1   1   1   1   1   1   1   1   1   1   1   1   1


1   1   1   1   1   1   1   1   1   1   1   1   1
1   0   0   20  20  1   11  1   0   0   28  146 1
1   136 0   20  20  1   0   1   126 0   0   0   1
1   0   126 1   1   1   0   1   7   1   125 125 1
1   0   0   7   21  1   0   1   24  1   0   0   1
1   7   1   1   1   1   0   1   1   1   1   7   1
1   0   125 0   0   0   0   0   0   0   125 0   1
1   7   1   1   1   1   0   1   1   1   1   7   1
1   0   1   1   25  1   120 1   29  7   0   0   1
1   125 125 1   7   1   120 1   1   1   121 0   1
1   0   0   0   129 1   0   1   20  20  0   121 1
1   147 28  0   0   1   10  1   20  20  0   0   1
1   1   1   1   1   1   1   1   1   1   1   1   1


1   1   1   1   1   1   1   1   1   1   1   1   1
1   25  0   8   0   0   0   0   0   0   0   10  1
1   0   24  1   1   1   0   1   1   1   0   0   1
1   7   1   1   0   7   0   7   0   1   1   1   1
1   126 0   121 0   1   0   1   125 1   20  29  1
1   0   20  0   121 1   0   1   0   7   0   20  1
1   1   1   1   1   1   0   1   129 1   20  1   1
1   20  20  20  20  1   0   1   0   1   0   21  1
1   0   0   0   21  1   0   1   0   7   0   20  1
1   1   13  1   1   1   0   1   1   1   1   1   1
1   111 0   111 0   0   0   0   0   95  97  96  1
1   0   0   0   0   11  0   1   125 0   0   0   1
1   1   1   1   1   1   1   1   1   1   1   1   1


1   1   1   1   1   1   1   1   1   1   1   1   1
1   10  0   7   120 0   121 7   0   0   0   11  1
1   0   0   1   0   28  0   1   7   1   1   1   1
1   8   1   1   146 0   20  1   0   0   0   29  1
1   0   28  1   1   7   1   1   1   1   0   1   1
1   121 0   1   0   0   120 0   1   125 0   125 1
1   0   0   1   136 1   1   7   1   0   0   0   1
1   0   121 7   0   0   125 0   1   126 0   126 1
1   7   1   1   1   1   1   1   1   1   0   1   1
1   0   0   120 1   0   126 0   1   0   0   0   1
1   136 1   0   1   20  1   121 17  0   42  0   1
1   20  126 0   8   0   7   0   1   0   0   0   1
1   1   1   1   1   1   1   1   1   1   1   1   1


1   1   1   1   1   1   1   1   1   1   1   1   1
1   11  0   28  1   0   20  0   1   20  20  25  1
1   0   0   0   7   121 0   129 7   0   20  28  1
1   0   121 0   1   1   1   1   1   1   1   1   1
1   1   7   1   1   105 1   136 1   116 1   126 1
1   0   0   0   1   7   1   7   1   7   1   7   1
1   0   1   0   0   0   0   0   0   0   0   0   1
1   0   0   0   1   7   1   7   1   7   1   7   1
1   1   7   1   1   125 1   106 1   129 1   107 1
1   0   0   125 1   1   1   1   1   1   1   1   1
1   136 1   0   7   0   0   0   7   126 0   28  1
1   29  126 0   1   0   10  0   1   0   20  24  1
1   1   1   1   1   1   1   1   1   1   1   1   1


1   1   1   1   1   1   1   1   1   1   1   1   1
1   14  14  14  14  0   0   0   0   0   0   10  1
1   14  1   1   1   1   13  1   1   1   1   1   1
1   14  1   14  1   0   0   0   1   1   1   1   1
1   14  1   14  1   138 141 141 1   1   1   1   1
1   14  1   14  1   141 141 141 1   1   1   1   1
1   14  1   14  1   141 141 141 1   1   1   1   1
1   14  1   14  1   0   0   0   1   1   1   1   1
1   14  1   14  1   0   0   0   1   1   1   1   1
1   14  1   14  1   0   0   0   1   1   1   1   1
1   14  1   14  1   0   0   0   1   1   1   1   1
1   14  14  14  1   0   11  0   1   1   1   1   1
1   1   1   1   1   1   1   1   1   1   1   1   1


1   1   1   1   1   1   1   1   1   1   1   1   1
1   146 0   126 0   0   0   120 0   129 0   11  1
1   0   0   1   1   1   7   1   1   1   0   0   1
1   121 1   1   1   1   0   1   1   1   1   121 1
1   0   1   1   1   1   0   1   1   1   1   0   1
1   129 1   1   1   0   125 0   1   1   1   136 1
1   0   7   0   0   121 0   121 0   0   7   0   1
1   0   1   1   1   0   129 0   1   1   1   129 1
1   0   1   1   1   1   0   1   1   1   1   0   1
1   136 1   1   1   1   0   1   1   1   1   0   1
1   0   0   1   1   1   7   1   1   1   0   0   1
1   29  0   126 0   20  0   120 0   136 0   10  1
1   1   1   1   1   1   1   1   1   1   1   1   1


1   1   1   1   1   1   1   1   1   1   1   1   1
1   10  0   7   0   0   0   0   0   126 0   29  1
1   0   0   1   1   1   1   1   1   1   0   0   1
1   8   1   1   28  28  1   28  28  1   1   129 1
1   0   1   28  28  20  1   28  28  28  1   0   1
1   0   1   20  20  58  1   22  20  20  1   0   1
1   28  1   1   1   1   1   1   1   1   1   136 1
1   0   1   24  25  29  1   24  24  24  1   0   1
1   0   1   20  20  20  1   25  25  25  1   0   1
1   126 1   1   21  21  1   29  20  1   1   129 1
1   0   0   1   1   1   1   1   1   1   1   0   1
1   146 0   121 0   0   0   0   0   125 0   11  1
1   1   1   1   1   1   1   1   1   1   1   1   1


1   1   1   1   1   1   1   1   1   1   1   1   1
1   11  0   9   121 0   0   0   121 7   0   10  1
1   0   0   1   0   147 20  0   0   1   0   0   1
1   125 1   1   1   1   1   7   1   1   1   7   1
1   0   0   126 126 0   1   0   1   20  1   0   1
1   1   0   1   1   8   1   0   1   20  1   0   1
1   0   0   0   8   8   1   125 1   20  1   125 1
1   0   47  0   1   1   1   136 1   0   129 0   1
1   0   0   0   1   25  28  0   1   1   1   7   1
1   1   13  1   1   1   1   1   1   20  0   125 1
1   111 0   111 1   0   0   0   1   0   129 0   1
1   0   0   0   7   136 0   117 7  126 0   29  1
1   1   1   1   1   1   1   1   1   1   1   1   1


1   1   1   1   1   1   1   1   1   1   1   1   1
1   0   0   0   0   0   0   0   1   0   0   11  1
1   0   7   0   7   0   7   0   1   147 0   0   1
1   0   0   0   0   0   0   0   1   0   0   20   1
1   0   7   0   7   0   7   0   1   1   7   1   1
1   0   0   0   0   0   0   0   1   0   0   126 1
1   0   7   0   7   0   7   0   1   121 1   24  1
1   0   0   0   0   0   0   0   1   0   0   125 1
1   1   8   1   1   1   1   1   1   1   7   1   1
1   0   0   125 1   136 25  129 1   0   129 0   1
1   1   125 0   7   0   1   0   7   0   0   0   1
1   146 0   20  1   0   121 0   1   28  0   10  1
1   1   1   1   1   1   1   1   1   1   1   1   1


1   1   1   1   1   1   1   1   1   1   1   1   1
1   0   0   0   0   0   123 0   0   0   0   0   1
1   0   136 136 136 0   0   0   129 129 129 0   1
1   0   0   0   0   0   0   0   0   0   0   0   1
1   0   0   125 125 125 0   126 126 126 0   0   1
1   0   0   0   0   0   0   0   0   0   0   0   1
1   1   1   1   0   0   0   0   0   1   1   1   1
1   1   1   1   0   0   0   0   0   1   1   1   1
1   1   1   1   1   1   9   1   1   1   1   1   1
1   25  20  0   1   121 0   121 1   28  136 0   1
1   29  0   0   1   0   0   0   1   126 0   0   1
1   24  0   129 8   0   0   0   7  0   0   11  1
1   1   1   1   1   1   1   1   1   1   1   1   1

1   1   1   1   1   1   1   1   1   1   1   1   1
1   28  1   0   21  1   11  1   21  0   1   28  1
1   7   132 0   0   1   0   1   0   0   1   7   1
1   7   1   0   1   1   0   1   1   0   1   7   1
1   7   1   7   1   114 0   114 1   7   1   7   1
1   0   0   131 1   1   0   1   1   131 0   0   1
1   130 0   0   0   8   0   8   0   0   0   130 1
1   0   130 0   128 1   7   1   128 0   130 0   1
1   7   1   1   7   1   7   1   7   1   1   7   1
1   7   1   28  0   1   7   1   0   28  1   7   1
1   7   1   20  20  1   0   1   20  20  1   7   1
1   29  1   20  24  1   10  1   25  20  1   29  1
1   1   1   1   1   1   1   1   1   1   1   1   1


1   1   1   1   1   1   1   1   1   1   1   1   1
1   10  0   0   1   0   0   22  1  20  21  20  1
1   0   0   128 1   0   0   0   1   20  20  20  1
1   1   1   7   1   0   0   0   1   1   0   1   1
1   146 0   0   1   1   135 1   1   131 0   132 1
1   0   0   128 7   0   0   0   7   0   0   0   1
1   7   1   1   1   1   0   1   1   0   0   131 1
1   0   0   0   1   0   0   0   1   1   0   1   1
1   1   1   130 1   0   0   0   1   114 0   114 1
1   29  20  20  1   1   0   1   1   1   0   1   1
1   130 1   1   1   0   123 0   1   20  20  20  1
1   20  20  25  1   0   11  0   1   20  21  20  1
1   1   1   1   1   1   1   1   1   1   1   1   1


1   1   1   1   1   1   1   1   1   1   1   1   1
1   11  0   7   0   128 0   7   7   114 0   0   1
1   0   0   1   1   1   1   1   1   0   1   0   1
1   0   0   7   0   1   135 1   0   0   1   0   1
1   8   1   1   132 1   0   135 0   48  1   0   1
1   0   128 0   0   1   1   1   1   1   1   7   1
1   0   1   7   1   1   29  0   7   0   0   0   1
1   0   1   0   0   128 0   0   1   131 0   28  1
1   7   1   1   1   1   1   1   1   0   20  0   1
1   0   130 1   29  0   135 0   1   1   1   7   1
1   0   0   1   29  1   1   0   7   0   130 0   1
1   10  0   1   29  0   8   0   1   0   0   21  1
1   1   1   1   1   1   1   1   1   1   1   1   1


1   1   1   1   1   1   1   1   1   1   1   1   1
1   10  0   0   0   0   0   0   0   0   0   0   1
1   0   0   0   0   0   0   0   0   0   0   0   1
1   0   0   0   0   0   1   0   0   0   0   0   1
1   0   0   0   0   1   1   1   0   0   0   0   1
1   0   0   0   1   1   28  1   1   0   0   0   1
1   0   0   1   1   28  49  28  1   1   0   0   1
1   0   0   0   1   1   28  1   1   0   0   0   1
1   0   0   0   0   1   13  1   0   0   0   0   1
1   0   0   0   0   137 0   137 0   0   0   0   1
1   0   0   0   0   0   0   0   0   0   0   0   1
1   0   0   0   0   0   0   0   0   0   0   0   1
1   1   1   1   1   1   1   1   1   1   1   1   1


1   1   1   1   1   1   1   1   1   1   1   1   1
1   11  0   0   0   0   0   0   0   0   0   10  1 
1   1   1   1   1   1   7   1   1   1   1   1   1
1   24  24  0   1   131 0   132 1   147 0   0   1
1   8   1   135 1   0   0   0   1   0   0   128 1
1   25  25  0   1   132 0   131 1   1   1   7   1
1   8   1   135 1   1   7   1   1   146 1   0   1
1   0   0   0   7   0   0   130 0   0   0   20  1
1   1   9   1   1   1   1   1   1   1   132 0   1
1   0   0   0   1   135 0   1   114 1   1   7   1
1   0   62  0   13  0   0   13  0   7   0   0   1
1   0   0   0   1   135 0   1   114 1   0   29  1
1   1   1   1   1   1   1   1   1   1   1   1   1


1   1   1   1   1   1   1   1   1   1   1   1   1
1   0   132 7   0   95  97  96  0   8   0   11  1
1   28  0   1   0   0   0   0   0   1   0   0   1
1   24  0   1   1   1   1   1   1   1   1   7   1
1   0   131 7   0   0   0   0   0   130 0   0   1
1   1   1   1   1   1   1   1   1   1   1   7   1
1   126 0   136 0   129 1   28  0   7   128 0   1
1   0   1   1   1   0   1   0   132 1   0   0   1
1   117 1   64  1   128 1   7   1   1   1   7   1
1   0   1   0   131 0   1   0   146 1   131 0   1
1   118 1   1   1   1   1   0   0   1   0   0   1
1   0   110 0   106 0   8   0   0   7   0   10  1
1   1   1   1   1   1   1   1   1   1   1   1   1

1   1   1   1   1   1   1   1   1   1   1   1   1
1   10  0   8   0   0   0   7   0   0   0   20  1
1   0   0   1   0   147 0   1   132 1   1   25  1
1   0   1   1   1   1   1   1   0   128 0   20  1
1   0   1   0   7   132 0   1   7   1   1   1   1
1   0   1   130 1   0   131 1   0   131 0   0   1
1   0   7   0   1   0   0   1   20  0   0   130 1
1   0   1   0   1   21  20  1   1   1   1   7   1
1   0   1   0   8   24  25  1   0   0   0   0   1
1   132 1   1   1   1   1   1   128 1   1   1   1
1   0   0   1   28  0   24  1   0   1   0   0   1
1   0   0   7   0   131 0   7   0   0   0   11  1
1   1   1   1   1   1   1   1   1   1   1   1   1

1   1   1   1   1   1   1   1   1   1   1   1   1
1   0   29  0   1   0   0   28  28  28  0   0   1
1   0   0   146 1   8   1   1   1   1   1   8   1
1   0   132 0   1   0   1   114 1   114 1   0   1
1   1   8   1   1   0   0   0   0   0   0   0   1
1   0   0   128 0   0   1   114 1   114 1   0   1
1   0   1   1   7   1   1   1   1   1   1   0   1
1   130 1   0   131 0   1   0   0   0   131 0   1
1   0   1   24  0   28  1   1   13  1   1   0   1
1   131 1   1   7   1   1   0   0   0   1   0   1
1   0   1   0   135 0   1   0   43  0   1   0   1
1   10  1   25  0   29  1   0   0   0   1   11  1
1   1   1   1   1   1   1   1   1   1   1   1   1

1   1   1   1   1   1   1   1   1   1   1   1   1
1   1   1   1   0   0   0   0   0   1   1   1   1
1   1   1   0   0   0   0   0   0   0   1   1   1
1   1   0   0   0   0   0   0   0   0   0   1   1
1   0   0   0   0   0   0   0   0   0   0   0   1
1   0   1   0   0   0   0   0   0   0   1   0   1
1   0   1   0   0   0   0   0   0   0   1   0   1
1   0   1   0   1   1   13  1   1   0   1   0   1
1   0   1   0   1   135 0   135 1   0   1   0   1
1   0   0   0   1   1   13  1   1   0   0   0   1
1   1   1   1   1   132 0   132 1   1   1   1   1
1   11  0   9   0   0   0   0   0   0   0   0   1
1   1   1   1   1   1   1   1   1   1   1   1   1

1   1   1   1   1   1   1   1   1   1   1   1   1
1   6   6   6   6   6   6   6   6   6   6   6   1
1   6   6   6   6   6   6   6   6   6   6   6   1
1   6   6   6   6   6   6   6   6   6   6   6   1
1   6   6   6   1   1   1   1   1   6   6   6   1
1   6   6   6   1   0   145 0   1   6   6   6   1
1   6   6   6   1   0   0   0   1   6   6   6   1
1   6   6   6   1   0   0   0   1   6   6   6   1
1   6   6   6   1   1   1   1   1   6   6   6   1
1   6   6   6   6   6   6   6   6   6   6   6   1
1   6   6   6   6   6   6   6   6   6   6   6   1
1   6   6   6   6   6   6   6   6   6   6   6   1
1   1   1   1   1   1   1   1   1   1   1   1   1