160 128 192 160 路 0
128 224 160 256 棕墙 1
0 288 32 320 岩浆 4
128 160 160 192 冰块 5
128 288 160 320 星河 6
0 160 32 192 黄门 7
0 192 32 224 蓝门 8
0 224 32 256 红门 9
224 128 256 160 上楼 10 
192 128 224 160 下楼 11
128 256 160 288 铁门 12
0 256 32 288 机关守卫门 13
128 224 160 256 隐藏墙(可消失) 14
96 64 128 96 空图片 15
672 320 704 362 空白 16
640 320 672 352 隐藏墙(从无到有) 17
0 0 32 32 黄钥匙 20
32 0 64 32 蓝钥匙 21
64 0 96 32 红钥匙 22
96 0 128 32 万能钥匙 23
0 32 32 64 红水晶 24 
32 32 64 64 蓝水晶 25 
64 32 96 64 红血瓶 28
96 32 128 64 蓝血瓶 29
64 64 96 96 黄钥匙小图标 36
0 64 32 96 蓝钥匙小图标 37 
32 64 64 96 红钥匙小图标 38
0 96 32 128 铁剑 40
32 96 64 128 银剑 41
64 96 96 128 骑士剑 42
96 96 128 128 圣剑 43
128 96 160 128 圣神剑 44
0 128 32 160 铁盾 45
32 128 64 160 银盾 46
64 128 96 160 骑士盾 47
96 128 128 160 圣盾 48
128 128 160 160 圣神盾 49 
160 0 192 32 怪物图册 50
192 0 224 32 记事本 51
128 0 160 32 楼层飞行器 52
192 32 224 64 冰符咒 53 
128 64 160 96 十字架 54
160 32 192 64 双倍金币 55
160 96 192 128 屠龙剑 56
224 32 256 64 地震卷轴 57
192 96 224 128 炸药 58
128 32 160 64 圣水 59
224 0 256 32 镐 60
224 64 256 96 飞行器 61
192 64 224 96 飞行器上 62
160 64 192 96 飞行器下 63
96 0 128 32 多功能钥匙 64
0 160 32 192 黄门 80
32 160 64 192 蓝门 81
64 160 96 192 红门 82
0 256 32 288 开机关守卫门 83
192 160 224 192 开铁门 84
128 224 160 256 隐藏墙(可消失) 85
128 416 160 448 商店左 95
192 416 224 448 商店右 96
640 288 672 320 商店中 97
0 352 32 384 主角左 100
0 416 32 448 主角上 101
0 384 32 416 主角右 102
0 320 32 352 主角下 103
256 0 288 32 绿史莱姆 105
256 32 288 64 红史莱姆 106
384 0 416 32 小蝙蝠 107
640 0 672 32 法师 108 
512 32 544 64 骷髅士兵 109
512 0 544 32 骷髅人 110
256 160 288 192 中级卫兵 111
256 128 288 160 初级卫兵 112  
512 64 544 96 骷髅队长 113
640 160 672 192 魔法警卫 114
640 128 672 160 假魔王 115
256 64 288 96 大史莱姆 116
384 128 416 160 兽人 117  
384 32 416 64 大蝙蝠 118  
640 32 672 64 高级法师 119 
384 160 416 192 兽人武士 120 
384 224 416 256 史莱姆人 121 
384 192 416 224 石头人 122 
512 160 544 192 金骑士 123 
256 352 352 448 大乌贼 124 
512 96 544 128 鬼战士 125 
512 128 544 160 战士 126 
384 96 416 128 吸血鬼 127 
256 96 288 128 史莱姆王 128 
512 192 544 224 骑士 129 
384 64 416 96 吸血蝙蝠 130 
640 64 672 96 初级巫师 131 
640 96 672 128 高级巫师 132 
640 160 672 192 魔法警卫 133 
640 128 672 160 魔王齐诺 134 
512 224 544 256 黑暗骑士 135 
256 224 288 256 双手剑士 136 
256 128 288 160 高级卫兵 137 
256 256 352 352 魔龙 138 
640 192 672 224 大法师 139 
0 448 32 480 公主 144
128 384 160 416 小偷 145
128 320 160 352 老人 146
128 352 160 384 商人 147
256 448 288 480 显示打架图标 149
128 384 160 416 二楼小偷 152
128 320 160 352 老人 153
128 384 160 416 二楼小偷续 158
128 224 160 256 隐藏墙(可消失) 159
640 256 672 288 魔王出现 202
384 448 416 480 激光特效 203 
